14:30:55.539	-52	-17	27.5	42	73.5	-80	-30	14	
14:30:55.573	64.5	79	21.5	-31	-37.5	83	32	-64	
14:30:55.607	-1	-51	7.5	95	58.5	-33	-53.5	36	
14:30:55.624	-11.5	-5	24.5	-14	-16	82	21.5	94	
14:30:55.668	57	74	-75	79	-14	-80	-5	-11	
14:30:55.710	26.5	-88	14	-87	61.5	84	-54.5	21	
14:30:55.741	-42	-81	4.5	98	17	74	-0.5	-49	
14:30:55.768	15	8	9.5	65	-16	92	15	-42	
14:30:55.808	49	-26	-6.5	37	59.5	99	2	28	
14:30:55.829	-23.5	-65	40	-63	2.5	-32	6	20	
14:30:55.848	-74	-73	25	-39	-28	11	-52.5	-7	
14:30:55.867	-55.5	94	4.5	-52	7	2	32.5	-72	
14:30:55.898	-39	-83	53.5	59	-7.5	14	-55.5	-14	
14:30:55.923	-12	-35	-12.5	-23	-94	-86	26	-28	
14:30:55.958	32.5	24	49	67	72.5	68	-69	-69	
14:30:55.978	-31.5	-69	58	18	7	-31	-2.5	34	
14:30:56.019	-23	-85	-13.5	-97	5	59	-28	-2	
14:30:56.038	84.5	70	22.5	-57	-24.5	-91	-25.5	76	
14:30:56.058	-6.5	-3	-1	16	11	50	-40	89	
14:30:56.089	-63	72	-9.5	27	-8	-39	8	-13	
14:30:56.118	6.5	-54	45.5	42	-65.5	53	-87.5	79	
14:30:56.128	-47.5	54	-18	19	45	28	-23	67	
14:30:56.158	-24.5	-7	19.5	22	-28	-98	-85	-35	
14:30:56.178	-48.5	-63	-20	-28	-12	-48	-55.5	19	
14:30:56.218	-0.5	-58	-12.5	-63	-86	40	4	-4	
14:30:56.238	52	15	54	35	-11.5	-37	70	-56	
14:30:56.258	-46	7	51	-76	58.5	28	36.5	20	
14:30:56.280	-56	-71	67.5	69	-12.5	-97	-47.5	80	
14:30:56.318	19.5	-63	33	4	-16	-10	2.5	5	
14:30:56.338	49	-76	24.5	39	81.5	67	3	-15	
14:30:56.358	-5	66	-17	-47	70	79	-1	-3	
14:30:56.390	56.5	-78	5	-83	-29	-15	-67	-54	
14:30:56.419	64.5	-1	-20.5	57	42	-93	82	87	
14:30:56.438	39.5	-7	53.5	-66	17.5	-48	49	79	
14:30:56.478	35	21	48	-27	35	74	5.5	17	
14:30:56.498	53	-80	-29.5	3	-3	-30	-22	-73	
14:30:56.528	-12.5	74	64	-24	16.5	64	10.5	-5	
14:30:56.548	-15	79	-40.5	78	-14	38	-67.5	-41	
14:30:56.573	43.5	27	-3.5	13	72.5	87	-78	44	
14:30:56.608	-65.5	-58	76.5	15	4.5	-19	-86	63	
14:30:56.628	-51.5	77	-72.5	-23	-15	-94	-18.5	7	
14:30:56.648	-29.5	-45	-26	30	-69	39	10.5	-15	
14:30:56.688	-51	-25	-21	11	-14.5	-30	-14	40	
14:30:56.707	-17.5	71	-64	30	-51.5	-20	-23.5	-1	
14:30:56.738	9	84	6	48	48	-68	-40	82	
14:30:56.760	-15.5	-17	-37.5	14	18	53	84	69	
14:30:56.777	4.5	4	-5.5	43	92	39	53.5	82	
14:30:56.798	22.5	-51	22.5	-32	24.5	91	-52	-71	
14:30:56.837	27	-55	-17.5	95	-21	-56	7.5	19	
14:30:56.851	17	46	-65.5	92	48	85	63	-48	
14:30:56.878	51.5	-44	15.5	6	-27.5	23	26	18	
14:30:56.907	50.5	28	-32	21	54	53	12.5	-15	
14:30:56.939	-82	-88	-40	99	-1	41	16	33	
14:30:56.958	-15.5	-37	-49.5	-96	-37.5	97	7.5	41	
14:30:56.978	26.5	68	18.5	41	29	94	1	23	
14:30:56.998	-7.24544e-09	-10	6	90	-26	4	39	56	
14:30:57.040	4	51	-3.5	37	12.5	-62	-13	-44	
14:30:57.048	-20.5	10	-8.5	65	-86	60	26.5	-87	
14:30:57.078	-53.5	-43	-3	-82	1.5	-50	15	-89	
14:30:57.108	36	-64	38	-9	86	75	9	53	
14:30:57.137	-58.5	-26	45.5	2	29	87	21.5	9	
14:30:57.158	-0.5	-91	-65	-91	39	-15	57.5	86	
14:30:57.178	-31	-60	-76	-71	-9	4	-47.5	74	
14:30:57.197	63.5	-61	-7.5	-4	-49.5	7	-1	-59	
14:30:57.238	-1.68567e-08	19	39	-15	81.5	98	40.5	-55	
14:30:57.258	73.5	15	1	27	43.5	67	60.5	23	
14:30:57.288	2.5	-46	-19.5	99	-37	65	-17	78	
14:30:57.311	31.5	66	-13	62	-32	72	-14	-46	
14:30:57.328	-44	70	-1.5	-85	-65.5	-42	-7	10	
14:30:57.348	-89.5	3	31.5	99	-7.5	-59	-34	66	
14:30:57.388	40.5	-52	19	-14	54.5	-31	-16.5	43	
14:30:57.398	36.5	98	-54	45	-27.5	-4	-32	24	
14:30:57.428	10.5	-15	-20	-19	85	-81	-16	19	
14:30:57.458	27.5	-44	19	36	-58	10	-13.5	79	
14:30:57.488	-33	-69	-75.5	-11	22	-73	23	-24	
14:30:57.508	-39.5	52	38.5	97	-19.5	-60	-47.5	56	
14:30:57.528	64.5	7	6	23	18.5	23	-25.5	27	
14:30:57.549	61	22	4.5	-84	-14.5	-10	10	86	
14:30:57.588	-56	-68	-5	83	86.5	46	35	-93	
14:30:57.606	75.5	-100	-35	71	-51	-69	-6.5	96	
14:30:57.638	16	-4	9	-80	12	49	-10.5	-31	
14:30:57.668	-35	-5	-79	-78	-84	34	-33.5	68	
14:30:57.697	-15.5	-16	-45	-44	-2	-47	35.5	-36	
14:30:57.718	43	-12	0.5	64	-41	-59	-88.5	40	
14:30:57.738	4.5	-93	26	70	6	41	-14	-43	
14:30:57.760	7.5	-26	6.5	78	39	91	-11.5	73	
14:30:57.798	16.5	-21	-3	14	-23.5	10	18	-62	
14:30:57.818	-36.5	8.3911e-09	19.5	-87	-8	-19	16.5	-34	
14:30:57.848	-8	-19	-2.5	57	6.5	89	25	-44	
14:30:57.870	-6.5	50	-1.80505e-08	23	-17.5	18	57.5	20	
14:30:57.898	46	56	82	-79	31.5	-91	-52.5	-5	
14:30:57.918	31	99	-68	-94	44	13	60	42	
14:30:57.938	-9	-2.80946e-09	28.5	89	-7	-12	-61	-9	
14:30:57.958	-47	58	88	11	28	44	-85.5	-68	
14:30:57.998	53.5	-13	-16.5	98	-33	22	57	7	
14:30:58.018	2	24	-24	19	-79.5	81	4	58	
14:30:58.049	-89.5	-91	-15	2	67.5	-42	-54	76	
14:30:58.068	30.5	2	15	50	-91	-22	-92.5	47	
14:30:58.087	-43.5	-35	67	98	1.5	85	11.5	92	
14:30:58.109	21	-31	-5.5	-23	-1	-77	1	37	
14:30:58.148	-80	31	-60.5	-98	15	-71	-9.5	90	
14:30:58.159	-33	-28	-49.5	10	-66	81	-61	86	
14:30:58.188	19.5	-38	-32	-25	7.5	96	68.5	19	
14:30:58.218	-14	82	-29.5	-59	7.5	-65	16.5	-93	
14:30:58.248	24	-39	64	-6	-8.38509e-09	32	57.5	16	
14:30:58.268	43.5	-37	-21	-78	-28	67	41	-49	
14:30:58.288	-48	77	-27	24	77	57	23.5	8	
14:30:58.310	-43.5	-90	5.85173e-09	-68	56	48	67	26	
14:30:58.349	-16.5	-80	17	-42	-3.5	15	3.5	-91	
14:30:58.358	-87.5	-62	49	50	-8	75	-41.5	72	
14:30:58.388	22	-7	-69.5	13	-15.5	34	43	-91	
14:30:58.417	7	88	23.5	-89	64.5	56	-10	1	
14:30:58.448	1.40184e-08	-100	-5	89	-20	-64	-81.5	-31	
14:30:58.469	-57	36	19	65	-1	-60	-91	-95	
14:30:58.488	-52	65	-87	60	-2	-16	-12.5	31	
14:30:58.508	-69.5	-38	-25	-28	7	-70	-2	-48	
14:30:58.548	22	98	-13.5	-38	80.5	-18	-97	73	
14:30:58.568	-82.5	-59	21	77	26	97	12.5	9	
14:30:58.589	-34.5	-24	-50	68	75	60	-2	-18	
14:30:58.608	22.5	-56	7.5	-39	76	19	68	45	
14:30:58.649	-33.5	29	1	71	-45	53	34	22	
14:30:58.669	-9	55	-16.5	46	62	-11	-28	8	
14:30:58.698	72.5	-47	-66	93	92	-86	-80.5	-24	
14:30:58.707	45	28	-31	-65	12.5	52	10	-24	
14:30:58.737	-45	47	27.5	41	-64	87	72.5	70	
14:30:58.771	-10	29	20.5	-22	16	60	-17.5	35	
14:30:58.797	22	22	-41.5	20	-57.5	76	-3	69	
14:30:58.818	-64.5	50	93.5	3	66	40	40	-9	
14:30:58.848	-48	67	-53.5	-84	45.5	47	-1	-6.82348e-09	
14:30:58.871	58.5	-54	-47.5	-95	-18.5	-25	97.5	1	
14:30:58.897	-14	36	36.5	-70	27	47	-8.5	-4	
14:30:58.908	-46	37	13.5	-66	56	59	47	73	
14:30:58.937	-17.5	53	15	82	3	73	3	-77	
14:30:58.968	18.5	9	-11.5	-87	-53	42	-9.5	99	
14:30:58.988	54.5	85	-43	-27	7.5	12	-92.5	-93	
14:30:59.008	62	-32	38	54	25.5	72	36	6	
14:30:59.051	-4	39	75	89	42.5	71	-14.5	54	
14:30:59.068	-50	-34	58	90	-79	65	66.5	-89	
14:30:59.088	-40.5	59	36.5	-27	76	72	-13	74	
14:30:59.107	4.5	-83	-27.5	89	-74	9	77	-28	
14:30:59.148	53	-83	-84.5	63	57	36	-68	49	
14:30:59.168	-45.5	-13	33.5	18	-10.5	61	22	3	
14:30:59.188	43.5	99	-23	-8	77	-84	-57.5	-40	
14:30:59.208	-34	-80	17	-64	39	33	29.5	-61	
14:30:59.258	-49	-79	-48	76	11	99	11	-95	
14:30:59.278	-51	-37	-100	89	49	91	-2	-56	
14:30:59.298	-1.5	79	18	77	-35	60	83	-77	
14:30:59.319	8.5	20	-2.5	97	-50	-11	-72.5	-87	
14:30:59.358	-57.5	-49	6	-17	50	-8	3	-97	
14:30:59.378	46.5	89	-54	-99	-7.5	69	36	-37	
14:30:59.398	-50	-95	21.5	59	-67.5	-46	-75	59	
14:30:59.422	8	-76	22.5	50	-4.5	86	19.5	-11	
14:30:59.469	52	-39	-28.5	-42	34.5	-42	-2	73	
14:30:59.488	19.5	-15	-54	-34	21	-74	-7.5	92	
14:30:59.508	34	94	-67	57	-56	-93	-37.5	-74	
14:30:59.528	-42	26	21	-76	76.5	-41	19.5	-49	
14:30:59.568	-26	-21	36.5	34	18.5	78	-80	-98	
14:30:59.588	-42	12	20	-53	3	89	-14.5	74	
14:30:59.608	-71.5	95	-39.5	-81	-7.5	-88	3.5	-100	
14:30:59.628	11.5	58	14.5	-67	53.5	-12	15	-27	
14:30:59.659	80.5	-9	34.5	-96	-10.5	-75	-53.5	5	
14:30:59.688	38	-97	-19.5	57	12.5	9	22.5	28	
14:30:59.717	30	80	-14.5	-13	-32	-75	22	-4	
14:30:59.728	-90	78	-53	-53	-7	16	3.67742e-09	-73	
14:30:59.758	36.5	-32	-77.5	63	-10.5	-19	31	29	
14:30:59.780	13	-92	65.5	42	62.5	-87	13.5	-79	
14:30:59.808	-16	-67	-71.5	-27	14.5	29	34.5	-19	
14:30:59.828	-2.5	-37	52.5	-1	-37.5	5	66.5	19	
14:30:59.858	-36.5	50	41	-24	-12	66	1.5	21	
14:30:59.890	12	86	-8	-61	-6.5	20	19.5	40	
14:30:59.918	-53.5	63	-72.5	-6	29	-85	-2.5	77	
14:30:59.928	-1	50	27.5	-17	-40.5	-9	-42.5	-40	
14:30:59.958	-2	-1	64	-88	-71.5	46	7.5	69	
14:30:59.988	-32.5	-7	-55.5	19	29.5	69	8.5	95	
14:31:00.028	16	66	-2	11	25	34	-15.5	-37	
14:31:00.048	16	38	33	66	25	-64	20	6	
14:31:00.069	25	-77	-8.5	24	13	-100	-2	34	
14:31:00.088	29.5	31	-84.5	-38	-66.5	71	26.5	63	
14:31:00.118	8.5	41	-33.5	-2	43.5	60	-31	48	
14:31:00.148	41.5	4	18.5	55	56	20	-24.5	-77	
14:31:00.171	22	96	-71	76	-9.5	-1.85422e-08	-33.5	-67	
14:31:00.188	-57.5	10	-13	-50	5	-74	2.5	13	
14:31:00.228	-11	-16	9	-85	-55.5	38	15	73	
14:31:00.248	16.5	-83	36.5	-36	18	54	-22	62	
14:31:00.271	-63	42	-31	-10	-10	-69	64.5	28	
14:31:00.309	58.5	-72	23.5	-81	26.5	-21	-87	-14	
14:31:00.338	18	96	7	-25	-37	-31	60.5	-83	
14:31:00.350	-50	68	56	26	-29	8	11	-1	
14:31:00.377	20.5	-5	-31	76	15.5	-77	-1	6	
14:31:00.398	52.5	65	6	-52	-7	-86	15.5	-69	
14:31:00.437	30	53	17.5	-77	-38	73	-6.5	37	
14:31:00.458	27.5	54	42	-41	21	29	53	-67	
14:31:00.478	-32	47	62	-60	-38.5	-80	73	-86	
14:31:00.498	-52	-71	56	75	-13	-1	-61.5	-24	
14:31:00.528	-39	82	57	62	15.5	33	-48.5	62	
14:31:00.548	-47.5	-68	15.5	-30	-56	-70	-0.5	-75	
14:31:00.577	-14.5	-24	88.5	22	-64	-49	5.5	32	
14:31:00.598	62.5	-44	34	-5	-31	76	15.5	-72	
14:31:00.628	-20	-46	47.5	-35	4.5	91	15.5	79	
14:31:00.658	-29	-62	-49.5	-6	-13.5	40	1	8	
14:31:00.688	-66.5	26	-10	96	12.5	42	3.5	5	
14:31:00.698	24.5	-84	-31	36	4.5	19	-25	50	
14:31:00.738	-15.5	-32	40.5	81	29.5	-68	3	56	
14:31:00.758	88.5	-21	86	-2	23.5	-70	1	85	
14:31:00.788	5.5	-1	8	83	-29	-59	-86.5	-78	
14:31:00.809	32	-20	-14	-11	-18.5	17	10.5	29	
14:31:00.837	11	-90	6.5	96	72	-67	2	24	
14:31:00.848	5	81	8.5	85	-10.5	-68	69.5	66	
14:31:00.878	-6	74	-58	-92	-2	98	-3.5	45	
14:31:00.910	-35	63	54	84	-30.5	-3.02585e-09	34	-25	
14:31:00.938	33	1	-14.5	49	-91.5	-38	-70	-26	
14:31:00.958	-6	-48	27	30	61	24	83.5	-58	
14:31:00.977	16	-1	-33.5	51	-38	-36	60.5	21	
14:31:01.004	-82.5	25	46.5	-8	17.5	51	-16	73	
14:31:01.048	7	91	7	60	-79.5	22	5.37295e-08	96	
14:31:01.059	-19.5	27	-14.5	-81	11	-77	-48.5	-7	
14:31:01.090	-23	-96	-10.5	-57	-4.5	-98	-65.5	-55	
14:31:01.118	57	75	-12	-30	-69.5	37	56.5	-32	
14:31:01.148	82	7	-16	38	-23	44	61	54	
14:31:01.167	-47	60	46	57	-3	-3	94	49	
14:31:01.190	49.5	-7	-63.5	-57	71.5	-52	40.5	72	
14:31:01.207	-9.5	42	-0.5	-50	2	57	-19.5	85	
14:31:01.248	15	-89	-74.5	88	-73.5	71	-34	-18	
14:31:01.268	-70.5	79	-51	98	67	-36	-38	-35	
14:31:01.298	-13.5	-99	24.5	33	19.5	-40	27.5	81	
14:31:01.318	-63	16	30.5	-75	40.5	-69	5.5	-43	
14:31:01.339	51.5	-80	-36.5	-87	30	81	-51.5	8.0048e-09	
14:31:01.359	14	71	40	17	11	-31	54.5	-67	
14:31:01.387	1	-59	10	-35	-31	-58	43	84	
14:31:01.418	-33	-23	-35	-90	-17	20	20	-64	
14:31:01.448	-84	28	-27.5	-90	5.5	-57	16.5	-29	
14:31:01.458	48	-97	34.5	-11	33	-89	-38.5	71	
14:31:01.488	10.5	-2	2.5	-6	43	64	9.5	-74	
14:31:01.507	20.5	78	9	-17	-10	48	-58.5	-43	
14:31:01.539	-54	-11	5.5	-8	20.5	66	3.5	-83	
14:31:01.557	37	-55	-32.5	-83	3	-70	-20.5	74	
14:31:01.588	32	-21	27	-18	76.5	-87	-17	64	
14:31:01.618	-21	4	-5	-8	-88.5	59	-1.5	-53	
14:31:01.648	33.5	-88	30	-27	-6.5	-42	-74	-18	
14:31:01.657	-71	57	47	40	-14.5	-75	2	46	
14:31:01.687	-2	38	-16	-30	74	20	-26.5	24	
14:31:01.708	4	85	-64	87	44	30	12.5	-71	
14:31:01.748	44.5	-26	-12	-11	20.5	-91	-18	-59	
14:31:01.770	-2.5	42	42	6	-19	74	9.5	-30	
14:31:01.787	-2.5	59	15	-85	8.5	13	17.5	85	
14:31:01.811	-12.5	-76	29	-5	-3.5	-34	72	-11	
14:31:01.848	8	11	-40	85	19	84	-4	2.65261e-08	
14:31:01.868	-21	30	-42.5	36	43.5	-3	63	12	
14:31:01.888	27.5	12	29	-39	28	30	-24.5	78	
14:31:01.910	-37.5	-84	-8.5	21	-13.5	85	30.5	-16	
14:31:01.938	12	43	-24	70	-6.5	-92	-35	39	
14:31:01.968	-53	-23	10.5	-30	-10.5	32	-7.5	-5	
14:31:01.997	33	-60	35	11	-37	83	45.5	-45	
14:31:02.008	-33	-31	4	-79	50.5	-99	20.5	79	
14:31:02.049	22.5	-81	12	-57	46	82	38	-24	
14:31:02.068	-17	-26	70.5	-33	-4	63	-34	-98	
14:31:02.091	-24	-17	-34.5	-9	-74.5	-27	60	-7	
14:31:02.117	-63	53	23.5	9	24.5	-77	-52.5	51	
14:31:02.148	-59.5	-21	-30.5	-3	56	47	-40	-21	
14:31:02.158	-9	-65	22.5	42	44	4	-59.5	45	
14:31:02.188	8	95	-70	69	-35.5	82	27.5	41	
14:31:02.217	22	-5	-5	49	23.5	-39	-48	89	
14:31:02.248	46.5	-61	-15	33	25	95	3.5	95	
14:31:02.267	-23.5	96	10.5	-30	3	-45	-27	-98	
14:31:02.287	19	32	21.5	76	-26.5	-78	50	9	
14:31:02.308	-53	30	48	-53	19	-6	59.5	-63	
14:31:02.337	-14.5	-56	16.5	-47	-4.5	28	-1.5	-5	
14:31:02.360	-7.5	-44	-8	-74	1	-41	53	-7	
14:31:02.398	-66.5	-60	-35	19	-10.5	58	15.5	-17	
14:31:02.420	-94.5	89	-41.5	-69	-11	-87	-66	98	
14:31:02.437	-9	54	-36	36	50.5	51	-42.5	-27	
14:31:02.468	4	38	-32	85	64	-86	9.5	12	
14:31:02.498	25	47	-55	-48	-31	-36	-22.5	92	
14:31:02.508	-7	-16	-19	75	-26	81	-14	67	
14:31:02.548	-16.5	40	-47	9	23.5	45	41	84	
14:31:02.568	-36.5	8	-48	-2	20	-64	43	-1	
14:31:02.588	21.5	-93	3	12	21.5	-93	-46.5	-17	
14:31:02.608	32	-68	-29	24	11	-42	-8.5	-93	
14:31:02.648	-68.5	25	-51.5	-48	-31.5	-97	-13	89	
14:31:02.668	60.5	-34	21	-39	51.5	12	6.5	48	
14:31:02.698	-23	-4	16	52	-0.5	75	-16.5	-19	
14:31:02.708	-29.5	42	-78	-95	-23	41	-56	49	
14:31:02.738	33.5	84	63	-1	57.5	-94	-28	-55	
14:31:02.768	-4	59	55	-21	17	48	13.5	-98	
14:31:02.787	12.5	-68	24.5	-80	49	86	13	-26	
14:31:02.810	-53.5	-100	7.5	62	21	-98	-72	-69	
14:31:02.848	9.5	-76	58	-90	-20	-15	-75.5	-76	
14:31:02.868	19.5	9	-56.5	84	40.5	95	-43	-95	
14:31:02.898	8.5	-42	-18.5	-74	53.5	-80	35.5	74	
14:31:02.920	-39.5	62	7.5	-75	-44	97	4.5	-62	
14:31:02.938	1	-60	50.5	10	-15.5	73	-13.5	40	
14:31:02.959	-53.5	-68	-48	27	-3	69	-71	-41	
14:31:02.998	10.5	-98	29.5	-89	31.5	98	-93	-9	
14:31:03.008	-23	65	12.5	-82	-9	-45	-13.5	67	
14:31:03.038	-72	-66	-3	92	-24	-76	-5.5	-75	
14:31:03.068	35.5	-9	-3	-80	-36.5	-91	27.5	-1	
14:31:03.100	-37.5	-41	-72.5	-48	-21	-55	9	-28	
14:31:03.118	17.5	-6	-42	-41	43	41	-48	38	
14:31:03.138	-23.5	-57	19	-78	-3	-36	5	97	
14:31:03.157	-65	84	63	8	18.5	-47	-22.5	-95	
14:31:03.199	-34	-53	1.5	-96	1	-64	42.5	-2.65358e-08	
14:31:03.218	43	91	-2.5	72	50	-35	57	-6	
14:31:03.248	-13	-15	-30.5	-60	2	-75	12	69	
14:31:03.269	26	64	-39.5	3	9.5	5	-52	59	
14:31:03.298	47	-35	-63.5	32	-41	-79	25	-94	
14:31:03.318	-54	-49	-7.5	-88	-21	73	-21.5	39	
14:31:03.337	37	15	57	-97	94	82	23.5	45	
14:31:03.360	9	-5	9.5	-72	62	-84	-56.5	29	
14:31:03.398	61	41	25.5	-50	-54	-89	-31.5	33	
14:31:03.418	32	-62	-40.5	-19	12.5	42	18	41	
14:31:03.439	50.5	-53	15.5	52	-23	54	5	67	
14:31:03.457	21.5	-93	-69	79	17.5	-96	21	-3	
14:31:03.498	50	57	77	24	-65.5	-67	-89.5	-91	
14:31:03.517	-2	-59	-0.5	-10	-61.5	26	-64.5	74	
14:31:03.547	18.5	-86	88.5	81	12.5	-84	-2.5	44	
14:31:03.558	32.5	-23	14	37	48.5	12	-50.5	34	
14:31:03.589	-9.5	-31	-31.5	-18	-10	55	-7.5	19	
14:31:03.618	61	29	-22	-29	-17	76	-74	-48	
14:31:03.648	-36.5	-59	-77.5	-50	-11	-42	-57.5	96	
14:31:03.668	-65.5	-7	-44.5	98	3.5	28	75	4	
14:31:03.688	-60	27	-15	-90	-50.5	-73	-46	76	
14:31:03.708	22.5	68	19	74	-29.5	3	68.5	98	
14:31:03.758	4	49	-30	8	60	73	28	85	
14:31:03.768	-2.5	-98	-19	22	36	3	-3	-31	
14:31:03.797	47	-37	19	97	-35	-48	-34	22	
14:31:03.830	26	13	68.5	-21	21.5	-46	-35.5	-82	
14:31:03.858	32.5	63	-48.5	80	66.5	-26	35.5	-5	
14:31:03.877	90	-38	-1.5	54	-64.5	-61	49.5	25	
14:31:03.898	48.5	11	48.5	-36	-13	62	4	-96	
14:31:03.921	-54	59	-9	-43	46.5	77	-20.5	-92	
14:31:03.958	-57.5	-60	-91.5	-75	-31	-15	54	-39	
14:31:03.978	12.5	-30	18	-21	-61	48	-2.5	-62	
14:31:04.008	34	-2	-18.5	-89	23.5	75	-51	-63	
14:31:04.036	-45.5	34	47.5	-50	-7	-67	-26	84	
14:31:04.058	-53.5	-15	10	-20	93	-43	-27	-59	
14:31:04.078	58.5	-58	44	-22	-93.5	-67	-22.5	51	
14:31:04.120	-12	24	71.5	49	-12	18	-1	-48	
14:31:04.138	-22.5	44	-9	-66	-41	-42	-34	-77	
14:31:04.158	45.5	-54	-51.5	62	7	-36	-55.5	-73	
14:31:04.188	13.5	-92	-14.5	43	-9	12	-65.5	-12	
14:31:04.218	55.5	60	43	-64	-58.5	47	-21.5	-75	
14:31:04.227	35	-100	31	99	68	76	7	-63	
14:31:04.258	5	-5	-26.5	9	73	-85	-50	-26	
14:31:04.278	-23	93	-92	-58	-21	41	14	-77	
14:31:04.318	34	59	10	53	-40	-68	72.5	-51	
14:31:04.340	-59.5	5	44	76	71	-8	83	-59	
14:31:04.358	53.5	13	-50.5	44	-49.5	-53	-41	40	
14:31:04.381	-32.5	-59	8	-8	-66	30	-59	-49	
14:31:04.418	75.5	83	-88	37	-54	-20	50	-55	
14:31:04.438	7	42	-13	17	-12	79	6.5	54	
14:31:04.457	24.5	-12	-29.5	87	33.5	-56	-8.5	29	
14:31:04.487	-6.5	-65	26	-38	-14	-33	12	96	
14:31:04.518	42.5	52	-12.5	87	-12.5	-77	-9.04989e-09	55	
14:31:04.528	-64.5	-73	77.5	-7	3.5	-5	-37	42	
14:31:04.558	6	91	-43.5	-48	43	-11	16.5	-12	
14:31:04.588	-44.5	85	12.5	-23	-69	6	68	-92	
14:31:04.618	-9	-92	28.5	36	-42	-29	35	22	
14:31:04.638	87	94	35.5	-30	-0.5	-57	-6.5	-46	
14:31:04.670	0.5	-27	13.5	22	-76.5	-75	-3.5	-53	
14:31:04.688	-13	-85	35	-42	2.5	-49	30.5	43	
14:31:04.728	-18.5	-13	12.5	-79	-26	31	-51	-75	
14:31:04.748	-70	-14	19	-60	-19.5	85	-1.5	92	
14:31:04.778	-12.5	45	-35	-80	4.5	98	-53	58	
14:31:04.798	21	20	11.5	-10	-18.5	-20	16	-77	
14:31:04.829	44.5	23	0.5	-49	49.5	3	-33.5	-85	
14:31:04.850	38	-58	-4	-3	39.5	-94	-5	-90	
14:31:04.867	73	38	-3	46	47	25	5	63	
14:31:04.888	-49.5	-54	70.5	26	-42	66	-30.5	84	
14:31:04.927	20	24	61	-54	80	-47	48.5	-49	
14:31:04.950	-31.5	-83	-19	-60	-50.5	-80	4	32	
14:31:04.978	-2.5	51	-29	46	7.5	35	5	34	
14:31:04.998	40	-47	-67	-73	43	-71	25	-60	
14:31:05.018	8.5	-37	-12	-52	-0.5	-20	-0.5	-87	
14:31:05.038	73	-61	-10	-22	-36.5	74	35	41	
14:31:05.077	-34	47	2.5	-49	47	-68	38	-54	
14:31:05.098	23.5	-68	-12	-66	-49	-73	62.5	-78	
14:31:05.119	-31.5	67	-75	-86	37	32	17.5	-9	
14:31:05.139	61.5	90	-40.5	-37	-5	92	9	-39	
14:31:05.177	-36	-3	-26.5	80	31	79	71	5	
14:31:05.198	33.5	22	9	-35	26.5	68	11	85	
14:31:05.219	88	-30	-65.5	61	-7	-41	19	72	
14:31:05.238	32	-67	39.5	33	4	-73	10.5	84	
14:31:05.268	-52	-24	29.5	81	-11.5	55	-13	-37	
14:31:05.298	42.5	-63	-40	58	-77	14	60	-91	
14:31:05.328	-12	67	0.5	66	29	68	36.5	-69	
14:31:05.338	15.5	63	-29.5	80	-60	-41	65	52	
14:31:05.378	79	-53	-61.5	32	8.5	-66	-47.5	19	
14:31:05.400	-16	-47	35	46	-68	14	50	-95	
14:31:05.421	-2.5	34	-31.5	40	85.5	-85	-1.09705e-07	79	
14:31:05.438	-46	-68	33.5	90	76.5	8	-3	55	
14:31:05.477	-65.5	80	-58.5	44	39.5	-15	24	83	
14:31:05.490	7.5	25	26.5	-18	32.5	-89	10	15	
14:31:05.518	2	-15	-0.5	32	-15.5	-82	-22.5	59	
14:31:05.548	16.5	93	-6	-93	-2.5	-45	-16	68	
14:31:05.578	-48.5	44	-35.5	69	63	-15	-1.5	91	
14:31:05.598	-23.5	75	-4.5	59	48	86	78	22	
14:31:05.618	2	-44	-30	63	37.5	80	10.5	54	
14:31:05.638	8	71	-35.5	-51	-11	-99	26	89	
14:31:05.677	6.5	24	-24.5	32	43.5	-62	-23.5	-30	
14:31:05.698	-18.5	83	-4.5	99	-35.5	75	-30.5	54	
14:31:05.718	31	61	-66	-67	14.5	-84	-27	-72	
14:31:05.738	-34.5	-36	-18	-68	35.5	15	-30.5	47	
14:31:05.777	48	-23	-80	46	-45.5	39	36	6	
14:31:05.797	-45.5	-28	-77	-68	-13.5	-28	38.5	13	
14:31:05.828	45.5	48	35.5	-71	33	-66	-52.5	-81	
14:31:05.841	-26	47	23	-46	1.5	-74	-57.5	67	
14:31:05.868	22	-79	47	-66	29	-85	1	55	
14:31:05.897	25.5	96	-41	-97	38.5	-71	-78.5	58	
14:31:05.929	-42	79	-64	-15	56.5	-7	-87	89	
14:31:05.950	26	20	-34	52	9.5	76	-61.5	13	
14:31:05.978	53	-86	-27.5	13	-0.5	56	49.5	75	
14:31:05.998	-73.5	27	68.5	2	26	32	-64	-67	
14:31:06.028	51	-3	-20	30	-41	-50	30.5	55	
14:31:06.039	-16.5	-44	-13.5	-47	83	-60	-70.5	-12	
14:31:06.067	38.5	88	43.5	-76	15	67	-54.5	3	
14:31:06.098	-53	-24	-23.5	4	-1.5	-30	75	76	
14:31:06.120	16.5	-98	37	-11	-66.5	58	48	-73	
14:31:06.138	43	-100	34.5	-31	63.5	-87	46	7	
14:31:06.178	63.5	31	-73	41	-15	-83	67	-85	
14:31:06.198	15.5	82	-15.5	75	25	-69	50.5	54	
14:31:06.227	23.5	-91	-48	-18	-7	79	7.5	81	
14:31:06.248	-39.5	-50	-1.5	-62	-12	-66	-32	-67	
14:31:06.268	60.5	32	17	-29	-57.5	34	34.5	-91	
14:31:06.288	82	-37	61	-56	-22.5	-75	-87	-29	
14:31:06.327	-18.5	4	-30.5	71	25.5	-55	-27	26	
14:31:06.348	54.5	-58	-12	60	-18.5	70	-7.5	-83	
14:31:06.378	6	-17	-13	26	-11.5	21	8.5	-66	
14:31:06.390	-25	-25	-8.5	-31	-42.5	-100	-78	66	
14:31:06.428	-53	94	19	57	49.5	34	-18	-21	
14:31:06.438	-22.5	77	55.5	37	-6.5	4	-23	-3	
14:31:06.478	-13.5	-40	-59	-36	7	-23	-65	-66	
14:31:06.502	83	-7	-28	13	-6	-38	-68.5	56	
14:31:06.528	-39	-65	-30	-15	16.5	5	-28.5	33	
14:31:06.548	50	40	-86.5	77	-32	27	-14	46	
14:31:06.577	37.5	-60	40	88	24.5	-80	22	-21	
14:31:06.608	20	-29	-92	74	4.5	-61	-17.5	70	
14:31:06.639	53	-55	-34	-81	49	-58	6.5	-3	
14:31:06.648	-62	49	-16	59	-1	-17	36.5	93	
14:31:06.688	-3	63	-14	85	9	-26	39	-27	
14:31:06.708	-2	-7	-59	-31	41	-47	-16	59	
14:31:06.728	11	-72	-46.5	-95	47.5	-89	-76	-3	
14:31:06.748	-18.5	51	-48.5	45	66.5	1	-21.5	-53	
14:31:06.779	62	12	-73.5	3	14.5	55	-4.5	59	
14:31:06.808	-53.5	30	-8.5	56	53.5	57	-43.5	-11	
14:31:06.838	37.5	30	-39.5	-80	-48	83	-46.5	16	
14:31:06.850	-57.5	-31	17	-22	9	6	-12.5	-19	
14:31:06.898	20.5	-58	-8	8	-43.5	92	-6.01683e-08	51	
14:31:06.919	-29.5	-75	-19	-18	-34	-29	48.5	-77	
14:31:06.938	16	-9	8.5	97	-55	85	-65	-3	
14:31:06.961	-3.5	94	-10	-6	-6.5	-89	-18	-13	
14:31:06.988	30.5	24	-13	-61	-19	16	-39.5	-51	
14:31:07.018	-85	-56	-34.5	18	-56	92	-5.5	21	
14:31:07.047	56.5	-3	-10	-28	-61.5	-7	-42.5	-84	
14:31:07.061	18	38	-65	-84	51	9	29.5	36	
14:31:07.099	65	77	-32	-4	24.5	16	12	95	
14:31:07.118	8.5	-29	-9.5	27	21.5	-41	14.5	41	
14:31:07.140	-92.5	-92	-29.5	16	10	9	67.5	-54	
14:31:07.158	-61	19	53	-34	-15.5	-50	32.5	-81	
14:31:07.188	24	-88	28	-80	41	-82	-6	58	
14:31:07.208	-35.5	-8	1.5	72	10	-9	-42.5	-50	
14:31:07.248	34.5	38	-41	43	-56	-7	80.5	40	
14:31:07.268	62	-48	5	-1	20.5	-63	86.5	19	
14:31:07.288	33.5	92	5	32	-17.5	84	-35.5	26	
14:31:07.308	36	-52	3.5	-49	-1.5	-2	65.5	-12	
14:31:07.338	82	78	12.5	77	13.5	-21	46	-44	
14:31:07.368	70	32	48	7	-0.5	-92	-6.5	-58	
14:31:07.398	-29.5	20	11.5	-69	77.5	-42	11	25	
14:31:07.410	0.5	56	60	-95	33.5	-65	82	-23	
14:31:07.448	-45	56	24	93	76.5	26	41	68	
14:31:07.468	-39	31	-40.5	61	-8.5	-36	10	1	
14:31:07.488	-5	-78	-36.5	-2	33	55	-32	4	
14:31:07.518	70	63	-30	-52	10	-66	-27	-11	
14:31:07.548	-69	78	-10.5	18	1	-23	2	-30	
14:31:07.577	-8.5	39	52	39	3.5	-84	22	-95	
14:31:07.608	45	-93	-4.5	74	68.5	-46	-59.5	-77	
14:31:07.618	21.5	6	49.5	-89	7	-58	63	-50	
14:31:07.648	-81.5	-68	55.5	-29	0.5	-84	-49	42	
14:31:07.670	88	-5	34.5	-92	1.5	-91	-23.5	7	
14:31:07.698	65.5	49	-12	93	21	41	16.5	-52	
14:31:07.719	-7.5	22	-8.5	-55	-8	89	5.5	-53	
14:31:07.748	26.5	-4	-57.5	-34	-28.5	45	-71.5	-4	
14:31:07.778	25.5	70	24.5	-11	-69	-61	-19.5	-96	
14:31:07.810	53	-90	-6.5	-18	23.5	-23	-66.5	-9	
14:31:07.818	-23.5	-21	-3	89	59	99	73.5	-68	
14:31:07.859	36	-38	-20.5	51	15.5	48	-32.5	-96	
14:31:07.880	26.5	-45	14	-42	84.5	-15	-9.5	76	
14:31:07.898	4	31	5.5	-91	-54.5	-93	-44	-53	
14:31:07.917	17.5	55	-12.5	14	-2.65746e-08	-81	23	55	
14:31:07.947	-95.5	96	62.5	41	-54.5	71	-39.5	43	
14:31:07.971	3.5	-83	-7	-8	-41	-85	-37	-46	
14:31:08.008	-55	78	33	-24	28	-13	-14	-2	
14:31:08.028	9	-65	-69	-17	41	31	-7.5	-28	
14:31:08.048	52.5	50	-29.5	63	-2.5	85	53.5	62	
14:31:08.078	-43.5	-16	2	66	-92.5	82	-69	-71	
14:31:08.108	-44	37	-19.5	30	44	36	-4	-80	
14:31:08.118	4	-44	77.5	67	30	14	-22.5	81	
14:31:08.150	66	-78	-42	19	-2.5	-35	-57	-81	
14:31:08.178	4.5	-98	38	58	15	-21	-48	-16	
14:31:08.197	38	32	-38.5	-34	-42	-39	-13	48	
14:31:08.218	43.5	33	-68.5	73	25.5	97	-71.5	61	
14:31:08.258	56.5	76	-11.5	29	7	-85	34	21	
14:31:08.279	-9	-14	54	-40	-22	23	2.5	-99	
14:31:08.308	-60	-85	-23	96	-24.5	68	-28	20	
14:31:08.317	-43.5	-53	34	56	-1	72	-2.5	-56	
14:31:08.357	-26.5	-70	-26.5	-68	45.5	57	-88.5	95	
14:31:08.388	-62.5	-24	-12.5	-62	19	43	7.5	-31	
14:31:08.419	-40.5	47	-40.5	-46	5	-38	-32	-92	
14:31:08.440	-32.5	27	10.5	-16	-60.5	-39	65	80	
14:31:08.469	-49.5	71	26	-73	-4.5	-53	-7.5	-12	
14:31:08.488	-47.5	57	91	-88	-22.5	1	53	-87	
14:31:08.519	-54.5	-40	-25.5	35	4	92	44	30	
14:31:08.530	30.5	76	29.5	-58	29.5	-75	-62.5	-19	
14:31:08.558	35.5	-49	-64.5	-60	-75	99	29.5	12	
14:31:08.588	-22.5	82	57.5	88	11.5	-85	-33.5	6	
14:31:08.608	-14	-62	27.5	67	5	-58	-83	-53	
14:31:08.629	-83	27	-16.5	10	52	23	27	21	
14:31:08.667	19.5	4	-52.5	-5	35.5	-28	-80	69	
14:31:08.688	-2	-11	4	98	-27	46	-41.5	-67	
14:31:08.717	19	-58	42.5	39	-50.5	19	-68	-65	
14:31:08.738	-10	89	-13.5	-77	-18	-29	95	-57	
14:31:08.758	-55	66	41.5	-45	59	25	-30.5	37	
14:31:08.778	-74	-43	-4	-28	4	-52	40.5	-66	
14:31:08.819	-59	96	80	-48	47	38	70	-4	
14:31:08.834	-27.5	10	-0.5	88	-65	-12	34	59	
14:31:08.878	58.5	-5	-20	91	-45.5	70	-14	-3	
14:31:08.899	11	-35	50	38	36.5	-40	-49.5	-24	
14:31:08.927	-43	75	79	-83	21	-87	-68.5	-49	
14:31:08.948	67	24	-53	8	57	52	-6.5	95	
14:31:08.967	-47	-37	19	18	-19	-75	-20.5	75	
14:31:08.990	18	-95	3	30	48.5	-42	17	-86	
14:31:09.030	-7.5	-6	3	-13	57	41	50.5	88	
14:31:09.039	-70.5	-88	26	98	-19.5	-41	29.5	-14	
14:31:09.067	-3.5	-28	88	-66	-16	73	-30	78	
14:31:09.098	8	-30	20	-76	64.5	-89	6	75	
14:31:09.128	4.5	56	69	-29	81	-9	-1	-75	
14:31:09.138	38	83	53	46	-26	39	-51.5	20	
14:31:09.179	-5	-22	-16.5	-9	58	-58	51.5	30	
14:31:09.188	34	-83	-54	-26	49.5	31	-55	-14	
14:31:09.227	9.5	48	-69	67	-15	-41	11	86	
14:31:09.248	64.5	-36	-37.5	25	-12.5	48	18.5	75	
14:31:09.278	-10.5	-25	36	-36	-18.5	-66	8	-56	
14:31:09.288	-2.94903e-08	13	-57.5	20	-43.5	-31	-24	13	
14:31:09.317	-84	-11	32.5	-70	14.5	-12	82.5	-30	
14:31:09.348	-5.5	-40	-2	91	45.5	-19	68.5	-49	
14:31:09.378	-31.5	54	-16	59	13.5	-27	-31	-35	
14:31:09.398	49	-13	-6.5	-76	2.5	-39	-36.5	37	
14:31:09.429	-14	-46	16	48	70	57	-4.5	87	
14:31:09.451	49	-72	45.5	59	-39	-6.23366e-08	-52	-18	
14:31:09.478	-7	-45	6.5	13	6	60	-36	-70	
14:31:09.502	-19.5	-5	9.5	-98	69	49	41	-81	
14:31:09.518	12.5	58	-26.5	43	28.5	96	6	-67	
14:31:09.550	-11	-88	9.5	72	35	21	-10	-2.65438e-08	
14:31:09.600	0.5	-15	-64	-65	44.5	64	24.5	16	
14:31:09.618	-44	65	-2	73	24	-61	-26.5	-93	
14:31:09.658	84	16	-85	42	4	-82	-23.5	-45	
14:31:09.668	19	-78	-5	-30	44.5	30	7	10	
14:31:09.718	-9	42	17	-95	-10.5	-92	93.5	69	
14:31:09.738	-11.5	-49	0.5	51	-23	-76	53.5	72	
14:31:09.760	-38.5	-10	12	-84	4.5	-76	-30	-41	
14:31:09.778	57	58	-0.5	94	62.5	-89	3.5	62	
14:31:09.818	-1	-31	7	17	87	-46	22.5	49	
14:31:09.838	42.5	96	14.5	-77	1.5	-2	-18	-50	
14:31:09.858	-73.5	-15	-53	-15	19.5	-58	-51.5	81	
14:31:09.878	-9	-37	31	28	34.5	58	10	48	
14:31:09.908	-36	10	35	-16	-31.5	-75	-71	25	
14:31:09.939	-40.5	8	-71.5	-47	-34.5	-21	-40	-31	
14:31:09.968	-24.5	27	-96	-49	41.5	-33	33	23	
14:31:09.978	-21	-88	-69	-100	-11.5	-29	-33.5	49	
14:31:10.008	-32	23	-34.5	67	28.5	-72	6.5	-75	
14:31:10.037	9	88	-52.5	-85	-37	-64	-59	67	
14:31:10.078	17.5	-10	-47	5	-48	-79	-15	-7	
14:31:10.136	-23.5	-5	9.5	51	-65.5	5	-17.5	32	
14:31:10.147	-8.5	12	28	90	3	7	31	29	
14:31:10.183	11	85	-43	-31	22.5	-33	-14	-14	
14:31:10.218	34	-81	-26.5	66	11.5	9	-51.5	38	
14:31:10.251	-50	-88	1.5	41	8.5	26	6.5	-46	
14:31:10.304	27.5	-29	47.5	99	-35	-4	48	-89	
14:31:10.317	71	-55	-15	98	-27	60	63.5	45	
14:31:10.358	41.5	7	-60.5	86	-22.5	64	17.5	84	
14:31:10.378	4	90	86	-42	52.5	30	-24	-55	
14:31:10.408	-18	-89	68.5	47	72	-94	-2	-23	
14:31:10.419	22	-33	17.5	-60	-44.5	8	-5	82	
14:31:10.450	9	-5	44	79	-5	50	28	75	
14:31:10.469	-21	-69	43	-89	-73.5	67	-20.5	89	
14:31:10.518	26.5	-51	-59	-13	-71	85	-4.5	68	
14:31:10.551	-27.5	-37	3	62	35	39	-15	17	
14:31:10.584	-70.5	84	32	68	44.5	66	21.5	-22	
14:31:10.621	12.5	79	-31	44	-63	61	34.5	-13	
14:31:10.651	39	85	-7	-89	-19.5	63	7.5	31	
14:31:10.670	36.5	-34	42.5	-64	-35.5	60	46.5	66	
14:31:10.707	-43	63	-7.5	-11	39	-53	-41	80	
14:31:10.717	54	65	-77.5	-27	-16.5	-73	17.5	-91	
14:31:10.758	-92	4	49.5	26	-56	11	20.5	-9	
14:31:10.768	-26	-67	-75	-63	-7	19	-31	34	
14:31:10.798	43	21	6	-81	20.5	-24	-2	99	
14:31:10.828	-61	28	-32.5	15	-28.5	-37	9.5	-57	
14:31:10.860	-17.5	52	-59.5	-46	-48	-35	-36.5	84	
14:31:10.878	10.5	-46	16	47	2	-83	41.5	-71	
14:31:10.900	77.5	42	10	92	1	75	22.5	-46	
14:31:10.918	26.5	74	-11.5	3	42	68	44	-9	
14:31:10.958	16	97	-70	72	-14	7	-75.5	6	
14:31:10.968	-20.5	-24	28	-38	28	-89	4.5	94	
14:31:11.008	57	57	-10	-72	-2	-71	-10.5	-99	
14:31:11.038	-32.5	-9	-29	46	48	-97	-2.5	45	
14:31:11.068	28.5	46	-16.5	-87	-33	-76	44.5	99	
14:31:11.079	-67.5	-69	6	-40	-56.5	-54	7	-56	
14:31:11.128	-29.5	30	-90.5	-61	39.5	-37	-42.5	-29	
14:31:11.148	-87.5	-91	-23	-55	-13	-4	-24.5	23	
14:31:11.168	38.5	-36	-94.5	37	-29	-72	-34.5	-95	
14:31:11.189	8	76	-12.5	-56	-9.5	-69	6.5	-91	
14:31:11.218	-40.5	-54	-58	-27	-12	77	66	75	
14:31:11.248	29.5	-15	9.5	-79	-5	-15	-13	-28	
14:31:11.280	6	41	-38	74	92.5	-27	40	97	
14:31:11.288	2.5	-40	-35	74	-31	12	63.5	-66	
14:31:11.318	-3.5	1	34	-60	72	57	-20	3	
14:31:11.337	24	-12	7.5	23	-74.5	-17	24	-92	
14:31:11.369	-4.5	-43	-15	89	4	46	-55	82	
14:31:11.388	8.5	73	-85	-27	57.5	3.96073e-09	-48.5	-87	
14:31:11.420	34.5	-82	-55.5	-40	59.5	-68	-10	-61	
14:31:11.447	17.5	89	27	64	-20	17	8.5	53	
14:31:11.478	-42.5	-75	3.5	87	54	-41	29	-95	
14:31:11.488	52	66	-5	31	-1	-46	39	68	
14:31:11.518	-85	-92	48	-74	1.5	-73	-0.5	-47	
14:31:11.538	6	53	-15	-3	3	3	-26.5	70	
14:31:11.577	4	-68	-56.5	20	28	58	-26	-42	
14:31:11.598	-39	39	7	8	24	5	3.5	15	
14:31:11.628	-33.5	-50	-7.5	15	4.5	87	66	13	
14:31:11.651	-9.5	-87	-30	43	-72.5	-24	-96	-65	
14:31:11.668	-60.5	-100	17	22	-38	-46	4.5	-55	
14:31:11.688	24.5	65	-29	-26	57.5	76	-26	1	
14:31:11.728	-1.5	-49	15.5	-79	3.5	93	-49.5	54	
14:31:11.749	60.5	9	44.5	-29	-30	2	-79.5	-90	
14:31:11.777	58.5	65	-42.5	14	6.5	75	-26.5	23	
14:31:11.798	-59	-59	75.5	-87	11.5	-62	-57.5	-22	
14:31:11.818	-0.5	-71	2	60	-1.5	-11	57.5	83	
14:31:11.848	-30.5	-9	-16	-6	-3.5	-91	-28	-21	
14:31:11.868	73	-60	-22.5	9	2	-17	65.5	73	
14:31:11.890	29.5	-27	-73.5	-9	71.5	58	-69	-66	
14:31:11.928	-1.5	-63	-15.5	5	-25	-71	9	-22	
14:31:11.938	-22.5	56	94.5	-15	15.5	-36	-32.5	-84	
14:31:11.968	-12.5	3	-29	47	-23	97	-46	-99	
14:31:11.998	56	4	-63.5	64	22.5	96	52.5	-57	
14:31:12.028	77	-47	36.5	-67	-6	38	-26.5	98	
14:31:12.038	38.5	21	-47.5	-66	-43.5	33	5	-40	
14:31:12.068	72.5	39	-50	-34	-55	85	4.5	-22	
14:31:12.090	-30	-2	22.5	10	-38.5	13	19	-13	
14:31:12.128	15.5	-76	70.5	19	72	29	-4	-12	
14:31:12.148	-28	-47	23	-41	-32.5	-97	64	-81	
14:31:12.178	48	75	-52	47	-2	45	-43	-56	
14:31:12.199	-41	20	-46	-59	-9.5	-27	29.5	73	
14:31:12.218	54.5	-68	64	-28	62	91	-71	-92	
14:31:12.239	-19.5	25	-44.5	13	-6	66	-61.5	71	
14:31:12.277	3	27	61.5	39	-13.5	60	-42.5	12	
14:31:12.300	-34	-93	47.5	-1	0.5	-44	-61	-41	
14:31:12.328	60.5	-58	-26	-47	-50	41	-25.5	-84	
14:31:12.349	-7.5	-74	-10	-50	57.5	-91	-34.5	-96	
14:31:12.380	-41	-79	16	6	83	-10	-2	71	
14:31:12.398	-34	5	-72	-6.74494e-08	-70	76	45	6	
14:31:12.418	-98.5	-45	2	32	47.5	51	17	-71	
14:31:12.438	41	59	-55.5	-72	-13.5	66	17.5	-80	
14:31:12.478	8	49	-7	27	-24.5	-12	68.5	94	
14:31:12.488	-34.5	-66	44	-66	-0.5	-25	-19	99	
14:31:12.518	-5.5	-32	15.5	64	-43	-37	49.5	-37	
14:31:12.548	30.5	-43	-12.5	-12	25.5	-59	-13	70	
14:31:12.577	4	-75	8	68	50.5	92	33	2	
14:31:12.598	9	-97	-6	-63	81.5	-94	80	-34	
14:31:12.617	1	54	68.5	-39	-33.5	14	73	41	
14:31:12.641	-5.5	37	4	48	16.5	-39	-87	-70	
14:31:12.678	-4	64	-41	-46	-16	-26	9	9	
14:31:12.698	-18.5	37	5.5	31	-42	-9	-18	38	
14:31:12.728	-42.5	58	-6	-7	-38.5	-83	20	25	
14:31:12.749	-5.5	-9	-76.5	-54	-20	-40	-93.5	98	
14:31:12.767	32.5	-18	-44.5	-62	25	31	14	-46	
14:31:12.788	-68.5	-78	-31.5	88	6	-95	-26.5	26	
14:31:12.828	1	-91	17	63	-77.5	92	-43.5	91	
14:31:12.837	-54	70	18	-21	-11	-91	37.5	-26	
14:31:12.868	-13.5	-94	-6.5	4	55.5	-95	-8	-92	
14:31:12.898	-12	-31	-24.5	-22	33.5	-69	38.5	57	
14:31:12.917	-47.5	-20	-34	-94	-13	-90	58.5	-3	
14:31:12.938	-12.5	36	-22.5	-63	36.5	29	7	52	
14:31:12.978	-12.5	-66	-10	-26	19.5	72	33	-57	
14:31:12.999	-10.5	29	56	-35	-30	48	-6	42	
14:31:13.019	-22	40	-81.5	34	44	86	39.5	23	
14:31:13.038	-32.5	93	-25.5	-93	-4.5	-88	47	-29	
14:31:13.068	-68	21	10.5	-87	38.5	-42	24.5	72	
14:31:13.089	-41	81	-65.5	-56	-15	-45	-31	51	
14:31:13.128	-3	77	-16.5	-4	-54.5	-1	33	8	
14:31:13.148	-21.5	60	10	47	15.5	-52	15.5	43	
14:31:13.168	61	99	-36.5	-38	-15	-34	9.5	-48	
14:31:13.190	39	-79	27.5	17	63	-80	-34.5	-83	
14:31:13.228	-13	-50	-22	-38	10	-52	35	-50	
14:31:13.248	22.5	-61	-6.5	22	0.5	-94	57.5	-6	
14:31:13.268	11.5	66	47.5	-87	-31.5	28	-45	85	
14:31:13.298	13.5	15	-75	95	-3.5	32	-29	-99	
14:31:13.337	38	-26	-45.5	-88	-10.5	-1	3.5	-15	
14:31:13.358	31	-74	69.5	38	-7.5	-11	-46.5	-33	
14:31:13.380	-43	-26	-54.5	44	-22.5	-46	-44	62	
14:31:13.397	-19.5	22	-64.5	2	-24.5	-32	-60.5	4	
14:31:13.438	-99	16	-81.5	55	9.5	-84	66.5	48	
14:31:13.458	-9.5	-64	-1	54	75.5	-7	45	-6	
14:31:13.488	22	-87	-44	-76	-27	-5	-7.5	26	
14:31:13.507	36	-23	-20	-87	-28	-71	52	-1	
14:31:13.528	-97	40	35	-75	-9.5	-26	-62.5	-47	
14:31:13.548	41.5	91	19	77	47	57	16.5	34	
14:31:13.577	27.5	-65	86.5	-82	9	90	-23.5	-48	
14:31:13.608	-54.5	84	-28	-78	8.5	-88	45.5	38	
14:31:13.638	4	63	12.5	49	50	-16	-2	92	
14:31:13.649	16.5	-60	-73	42	-39.5	-49	25.5	-60	
14:31:13.678	-29	74	-12.5	58	17.5	27	2.5	-25	
14:31:13.698	54	32	48	-52	20	-50	44	88	
14:31:13.738	49.5	16	48.5	-38	-23	77	16	40	
14:31:13.766	-50.5	75	39.5	-60	-15.5	31	-23.5	-31	
14:31:13.782	21.5	-66	75	-57	-4.5	56	19	-65	
14:31:13.817	30	-46	77	79	-35	-24	85.5	36	
14:31:13.848	60	-8	4.5	-64	80	63	21.5	91	
14:31:13.858	-27.5	-2	-78.5	97	36	-76	-41	16	
14:31:13.888	-69	-59	14.5	-85	0.5	-51	31	-91	
14:31:13.909	79.5	76	-40	-70	40.5	-96	55	-7	
14:31:13.948	-36	65	-12	81	48.5	-86	-42	-67	
14:31:13.969	11.5	94	-18.5	42	-40	88	33.5	-17	
14:31:13.988	-66	34	15	62	-6	-84	23.5	-78	
14:31:14.007	-25.5	10	-10	-77	38.5	-79	-43	-35	
14:31:14.039	-4.5	-50	1	-4	51	-46	20	-84	
14:31:14.068	-70	-41	6	-59	-78.5	-74	-51	21	
14:31:14.098	38	17	9	87	-32.5	32	13.5	-92	
14:31:14.120	-15.5	-67	16.5	57	-31.5	-98	52.5	89	
14:31:14.139	68	-46	-3	25	-39	-25	-55.5	56	
14:31:14.157	-21.5	-12	62.5	73	-78.5	-54	-57	-71	
14:31:14.198	-27	-20	14	-51	47	52	-26	90	
14:31:14.220	19	18	-28	-60	-24	74	-1	-94	
14:31:14.238	4.5	96	63.5	70	-29	71	-44.5	-24	
14:31:14.258	6	-72	-11	-35	-43	-57	-23.5	35	
14:31:14.288	39.5	-81	11	-73	13	4	-70	-21	
14:31:14.315	41.5	51	53.5	-29	13	-8	-18.5	65	
14:31:14.358	-60	-38	50.5	-6	7	-92	98.5	66	
14:31:14.378	-32	61	-66	64	-31	23	-10.5	18	
14:31:14.401	-53.5	92	60.5	-69	-12.5	-30	26	-17	
14:31:14.417	14.5	-53	-49.5	60	13.5	35	-7.5	91	
14:31:14.458	-26	-3	-80.5	-12	37	56	-53.5	6	
14:31:14.478	63	70	-49	-95	-61	94	-40	92	
14:31:14.498	15	7	-40	-95	22	-54	-16	67	
14:31:14.518	-34	77	23	87	6	-10	-55	-40	
14:31:14.548	-7	82	14.5	-20	-14	-24	52.5	51	
14:31:14.577	7	-88	47.5	-81	-4.5	-89	-51	-32	
14:31:14.609	-45.5	-30	-53	-72	3	94	0.5	40	
14:31:14.618	-22	21	-15	18	43	-91	-4	-33	
14:31:14.659	-59.5	-98	32.5	-65	15.5	-67	5.5	79	
14:31:14.680	-70.5	84	-17.5	1	-49	4	65.5	-99	
14:31:14.697	41.5	17	-83	55	2.5	-7	-7.5	44	
14:31:14.718	6.5	84	-39	92	14.5	-47	-12.5	95	
14:31:14.758	2.5	-14	15	-33	18	-37	-1.5	-6	
14:31:14.782	-61	-98	8	-18	43	32	-74.5	19	
14:31:14.818	65.5	-10	-35.5	-84	-30	-2	-75.5	-98	
14:31:14.828	5	-73	-12	54	61.5	31	-89	95	
14:31:14.859	67.5	-29	31.5	-40	31.5	12	20.5	-37	
14:31:14.878	-86.5	-7	-66.5	69	-66.5	-1	-32.5	-71	
14:31:14.918	75.5	-67	-10	95	50	-71	10.5	-83	
14:31:14.938	-25.5	-24	39	20	48	-64	49	-59	
14:31:14.964	-43	-14	-14	27	-36	-27	-11.5	-16	
14:31:14.988	53.5	-49	-97	-59	-18	-84	-36.5	-11	
14:31:15.018	75.5	7	26	-73	35.5	-84	-65	-24	
14:31:15.038	-28	51	23.5	87	-64.5	-55	-3	18	
14:31:15.068	51.5	-60	15.5	30	-72	-9	23.5	-39	
14:31:15.089	20	84	13.5	-35	14	-54	14	-18	
14:31:15.128	3.5	82	5.5	-61	12.5	-69	38.5	-42	
14:31:15.151	-90	49	-54	38	-15	-100	77.5	-85	
14:31:15.168	-8.5	10	5.5	-8	70.5	31	-17.5	37	
14:31:15.198	53.5	75	71.5	-12	-1.5	-38	-34.5	-53	
14:31:15.228	59.5	55	6	-47	21	64	11	-33	
14:31:15.239	-81	-65	39.5	7	-42	-4	22	33	
14:31:15.268	-64.5	-8	-35	-32	-41.5	22	-14	-62	
14:31:15.287	-16.5	-66	-42.5	-14	-23.5	74	-34	-44	
14:31:15.329	-25.5	-63	-7.5	89	-34	22	5	72	
14:31:15.348	-46	-73	-11	58	-73	-60	-19.5	-47	
14:31:15.368	7	-7	59	-18	6	16	1.81337e-07	-96	
14:31:15.388	39	-46	-28.5	-76	-11	-61	-35.5	-89	
14:31:15.420	27	44	18	74	1	-24	-7	-54	
14:31:15.438	-35.5	84	84	13	56.5	-1	-50	-53	
14:31:15.478	8.5	-47	16.5	-72	9.5	39	-7	29	
14:31:15.497	-15	55	79	2	-74.5	89	-9	92	
14:31:15.518	-64.5	-86	-69	-93	3	50	24.5	-37	
14:31:15.548	-11.5	-39	25	32	-3.5	24	-9	6	
14:31:15.577	16	89	61.5	77	-84.5	88	38	65	
14:31:15.589	-42	-77	9	-13	18	-18	17	81	
14:31:15.618	12.5	-1	9.5	99	-11	-90	-39	-86	
14:31:15.639	-5	66	57	9	47	-62	-31	-15	
14:31:15.678	-9.5	61	16.5	-51	26.5	36	3.5	-69	
14:31:15.700	-96	15	-5	-10	-11.5	62	-31.5	-18	
14:31:15.718	31.5	77	1.5	8	7.5	15	-21.5	-34	
14:31:15.747	-52.5	-63	29	-48	22.5	-80	52	-29	
14:31:15.780	-7	88	34	45	25	-6.97115e-08	35.5	-95	
14:31:15.790	19	87	-22	-38	-59	35	-62	41	
14:31:15.828	85	-80	76	-14	3.5	41	-9	-26	
14:31:15.847	4.5	9	26	76	6	-67	42.5	-13	
14:31:15.868	-3.5	-67	-13.5	-73	8.5	21	18	75	
14:31:15.888	49	46	58	71	-2.5	-63	67	97	
14:31:15.928	-14	66	50.5	-32	-33.5	-66	2.5	82	
14:31:15.947	-58	61	45.5	50	-12	37	32.5	63	
14:31:15.978	-69.5	63	-40.5	79	-27	55	-27	-32	
14:31:15.997	29.5	6	-63	-30	2.5	43	20.5	-82	
14:31:16.028	8.5	-82	34.5	24	53.5	66	-17	-73	
14:31:16.048	21.5	-96	43.5	-36	-74.5	-55	43	-24	
14:31:16.077	-24.5	96	-54.5	85	59	24	32.5	-42	
14:31:16.088	91	-93	19	35	41	27	34.5	30	
14:31:16.118	4	96	27.5	19	57	-18	-55.5	46	
14:31:16.150	32	38	-33.5	-33	-49.5	-18	-73	-53	
14:31:16.168	-3	-3	10.5	97	65	-59	58.5	69	
14:31:16.188	-37.5	-96	14	-95	-18	-83	32	-72	
14:31:16.228	26.5	-13	84	-10	-33.5	6.09276e-08	12.5	-59	
14:31:16.249	70.5	-32	-38	2	4.5	-35	38.5	56	
14:31:16.278	19.5	24	-1.5	-63	-60.5	-73	-17	76	
14:31:16.288	51.5	-80	30.5	84	10.5	-21	27.5	-84	
14:31:16.319	-16	33	-32	49	-21.5	-16	-56	-45	
14:31:16.349	6	-69	55.5	-51	0.5	67	-26.5	-98	
14:31:16.378	-39.5	-12	23	-27	-69	2	-24	17	
14:31:16.398	16	-35	5.5	73	51.5	9	15.5	-32	
14:31:16.420	-69.5	-75	25	18	-5	43	16.5	-89	
14:31:16.438	39	-86	68.5	-42	-1.31056e-08	26	37	-84	
14:31:16.477	20	67	17	50	-19.5	-31	-66	-44	
14:31:16.497	13.5	99	-35.5	88	54.5	81	-23	76	
14:31:16.518	11	51	-28	-62	-16.5	83	-34.5	-23	
14:31:16.538	-48.5	38	-58.5	53	7.5	-59	-13.5	57	
14:31:16.578	-16.5	-94	36.5	-63	38	-65	17.5	91	
14:31:16.598	55.5	4	-44	-15	19.5	7	-23.5	14	
14:31:16.628	-74	-51	-6	-66	-6	-13	-10	6	
14:31:16.638	-4	83	-48.5	73	-12	-41	-41.5	-76	
14:31:16.668	13	-45	-27.5	-80	3.5	-97	-60	-10	
14:31:16.700	-63	21	-7	33	-23.5	54	-24.5	45	
14:31:16.728	-39.5	-65	-8.5	-42	-0.5	79	-31	7	
14:31:16.747	32.5	77	4	40	-26	91	-29.5	-12	
14:31:16.770	-71.5	-64	-7.5	47	25.5	-45	2.5	-68	
14:31:16.797	-22.5	95	-51.5	56	50	1.46652e-08	-5.5	-7	
14:31:16.828	-36.5	83	-58.5	-79	-23.5	-63	21.5	-15	
14:31:16.858	3.5	78	-33	-71	-16.5	36	-21	4.01042e-09	
14:31:16.888	-49	-74	-10.5	-36	-1	40	34.5	-60	
14:31:16.898	-82	93	-12.5	70	-15.5	89	-9	-24	
14:31:16.928	-7	-84	-54	-99	38.5	-12	38.5	-59	
14:31:16.948	-2.5	33	-57.5	44	77	69	25.5	22	
14:31:16.978	17.5	-58	-87	-18	-44.5	31	60	84	
14:31:16.999	-12	-28	63.5	48	-22	-53	73.5	50	
14:31:17.028	76.5	62	-27	82	42.5	-76	-9	-87	
14:31:17.058	59.5	-70	-45	16	7.5	-71	-14	-26	
14:31:17.088	13.5	-99	-56	-12	32	-92	-91.5	27	
14:31:17.098	29	-51	25	62	-25	-86	15	37	
14:31:17.138	12	4	24.5	87	5.5	19	50.5	76	
14:31:17.160	-10	50	73.5	11	-36	36	27	-5.42416e-09	
14:31:17.178	75	-68	-41	77	-6.5	18	-23	-46	
14:31:17.197	-7	68	17	24	12	80	29	40	
14:31:17.238	75.5	-64	-40	19	-36	60	22.5	-82	
14:31:17.260	55	62	-9	-36	20	15	-7.5	1	
14:31:17.278	-71.5	7	43.5	-7	69.5	-45	-21	-90	
14:31:17.298	-10.5	-85	60.5	-53	83.5	-7	52.5	75	
14:31:17.338	-46.5	-83	-2	93	23	59	8	4	
14:31:17.364	82	-32	-55	-77	23.5	-50	-24	81	
14:31:17.388	-34.5	90	23	62	-70.5	-76	-65.5	46	
14:31:17.408	11.5	-26	-23	-40	-51	32	-46	-28	
14:31:17.449	-30	95	-26	-85	-16.5	-86	32	-41	
14:31:17.468	-6	-37	52	79	0.5	-27	-62	-89	
14:31:17.487	72.5	22	-82.5	35	-27	-50	-11	-21	
14:31:17.508	-32	16	-45	68	18	63	-1.5	-46	
14:31:17.547	-66.5	89	6.5	-51	55.5	-12	23	20	
14:31:17.569	-53.5	-45	-23	6	-4.5	46	15.5	-30	
14:31:17.598	-59	47	-68	88	38	77	56	34	
14:31:17.609	-40.5	-20	11	-32	24	-30	-4.5	69	
14:31:17.637	-17.5	12	40	18	19.5	-27	11	28	
14:31:17.668	-3.5	81	29.5	-96	-31	-13	-62	16	
14:31:17.688	33	96	8.5	27	-30.5	-52	59	18	
14:31:17.711	44	68	19.5	41	-9	28	42	59	
14:31:17.748	-35.5	62	-25	80	72	-65	-47.5	-19	
14:31:17.768	-18	-62	38	59	-73	89	-50	90	
14:31:17.799	77	44	14.5	-37	20.5	94	-11.5	-45	
14:31:17.809	-34.5	-36	72	-32	-7.5	-66	-18	36	
14:31:17.859	65.5	-97	-18.5	96	-10	77	28.5	-82	
14:31:17.868	63.5	-8	-49	-10	33.5	74	49	-50	
14:31:17.897	-21.5	62	-3.5	7	-5	-42	-15	52	
14:31:17.918	-54.5	-49	30.5	58	2	-74	45.5	-50	
14:31:17.948	-77.5	-76	11	-33	27	51	-40.5	79	
14:31:17.968	-62.5	-58	-70	18	38.5	49	-8.5	-22	
14:31:17.998	-34.5	-31	-33.5	-81	-4.5	-58	9.5	-20	
14:31:18.028	21	72	31	24	-48	-67	49.5	-39	
14:31:18.057	35.5	-40	-42	-59	40	-13	-4.5	85	
14:31:18.068	-62.5	-32	-3	-69	-25	25	7	54	
14:31:18.097	40.5	-72	-22	-31	38	-62	87	33	
14:31:18.118	81	41	-64	-49	43.5	-97	34.5	-93	
14:31:18.149	46.5	-91	74	80	1.5	40	-31	-63	
14:31:18.171	56.5	-81	44	98	-29.5	69	12	-79	
14:31:18.198	-69	54	4	-20	8	-59	-13.5	74	
14:31:18.218	34	-26	9	-96	17	14	-58	-21	
14:31:18.258	-27.5	22	30	-63	49	-50	-67.5	-80	
14:31:18.280	-52.5	40	-68.5	62	43.5	96	87.5	58	
14:31:18.298	15	-18	1.5	31	-22	-62	-3.5	-24	
14:31:18.318	-62	-63	48	-40	-9	38	-7.5	88	
14:31:18.348	-58	-41	-75	-83	-5	-41	-4	43	
14:31:18.378	-68.5	-51	33.5	53	35	-10	-40.5	88	
14:31:18.398	-59	75	7	-6	-46.5	-100	79.5	-56	
14:31:18.428	-59	-98	45	-48	-55.5	89	-68.5	42	
14:31:18.451	35.5	-93	73.5	92	88.5	-2	52	-24	
14:31:18.468	-35	-30	50.5	55	-34.5	-48	43.5	74	
14:31:18.508	-22	87	-2	3	-1	-74	22.5	1	
14:31:18.528	0.5	-96	-18	-34	-71.5	-53	11.5	8	
14:31:18.559	23.5	-68	59.5	-3	-52.5	-17	-15	86	
14:31:18.568	65.5	8	-28.5	10	-32.5	26	-58	31	
14:31:18.598	-88.5	-49	-8.5	97	-63.5	10	-24	52	
14:31:18.628	-42.5	-46	-4.5	16	62.5	79	-34.5	-80	
14:31:18.648	66	-59	36.5	70	-15.5	20	8.5	-92	
14:31:18.668	-89.5	-20	-30	-10	67	88	-29.5	-42	
14:31:18.707	-30	-43	-48	20	-10.5	20	12.5	-10	
14:31:18.731	1	-66	-13	-81	12.5	87	-40.5	-79	
14:31:18.758	-28	-6	73	-73	3.5	8	4	-14	
14:31:18.781	-4	63	-17.5	-63	8	27	-25	-19	
14:31:18.798	23	83	25	-47	-52	55	-11	-34	
14:31:18.830	-36	48	52.5	56	-29.5	71	33	26	
14:31:18.868	-33.5	-35	14.5	-73	-1.5	87	19.5	37	
14:31:18.888	35.5	86	6	59	0.5	8	-43.5	53	
14:31:18.908	59	78	-52.5	1	-39	30	-58	93	
14:31:18.928	-49	-53	-38	84	-81.5	-23	32	35	
14:31:18.958	-1	58	61.5	45	-21.5	18	-19	62	
14:31:18.978	53.5	-52	25.5	10	-83	81	19.5	91	
14:31:19.018	83	15	-8	-85	17.5	-100	5.5	-17	
14:31:19.038	3.5	-94	-75.5	-31	-27	-79	1	-37	
14:31:19.059	6	-37	4.5	-24	16.5	23	-75.5	-21	
14:31:19.078	-48	2	-6	22	38.5	81	49	15	
14:31:19.109	12	83	-47.5	-68	-22	-21	-52.5	22	
14:31:19.128	-89	-9	-40	62	46.5	-22	-34	-56	
14:31:19.158	-7	11	42.5	6	-39	-50	-12	-69	
14:31:19.180	-33	53	-23.5	46	30	74	42.5	56	
14:31:19.218	67.5	35	-3.5	-43	15.5	32	-58	-33	
14:31:19.238	-14.5	70	69.5	-39	-87	94	-89.5	9	
14:31:19.259	-19.5	30	5	-49	-2.5	44	75.5	53	
14:31:19.281	-12	-33	34.5	-17	8.5	49	4.5	85	
14:31:19.308	42.5	-84	-13.5	84	-20	84	57.5	58	
14:31:19.338	0.5	41	47.5	27	1	-16	24.5	-83	
14:31:19.358	-6.5	-41	-38	-6	94.5	91	37	-56	
14:31:19.390	-4	67	80.5	99	-33	-1.40689e-07	-75.5	-43	
14:31:19.407	-54.5	-89	23	81	47.5	-77	22.5	13	
14:31:19.427	28.5	-19	2.5	-22	-60.5	84	-19.5	-4	
14:31:19.470	17.5	8	50.5	-51	-15	47	80.5	-93	
14:31:19.488	-5.70799e-08	-52	48	-81	27	-77	7	-17	
14:31:19.518	-39	-32	38.5	17	43	-24	23	-88	
14:31:19.537	7.5	3	-37.5	-3	-10.5	-3	-52	77	
14:31:19.562	0.5	44	6	-87	-89	18	-32.5	-82	
14:31:19.598	28.5	37	-34.5	2	41	-77	85.5	25	
14:31:19.618	-17	-14	-22	-91	-24	-66	63.5	18	
14:31:19.638	2	-26	33	-62	-27.5	94	-28.5	-99	
14:31:19.678	8.5	15	-26	-13	16.5	-49	43	-73	
14:31:19.698	11.5	42	21.5	-20	-19	-84	-51	12	
14:31:19.728	-75.5	-95	-4.5	19	15.5	7	60	-71	
14:31:19.750	-36	75	59	-38	28.5	-47	68	-75	
14:31:19.769	46.5	27	-59.5	27	31	90	-20	-100	
14:31:19.788	37.5	-91	10	59	-17.5	-95	6	69	
14:31:19.828	-38	54	-16.5	27	-14.5	-57	-8.5	-59	
14:31:19.848	68.5	-53	-26	-61	87	25	-96.5	-12	
14:31:19.877	43	-52	-22.5	39	63	61	-8.5	-10	
14:31:19.898	55	41	43.5	-41	1.83426e-08	46	13.5	61	
14:31:19.917	52.5	-59	-17.5	66	33	18	-26	53	
14:31:19.938	-49	18	42.5	20	53.5	-14	10	-16	
14:31:19.988	-41	44	2.5	56	46	59	14.5	-29	
14:31:20.013	-98.5	-47	-21	-17	64	84	41	-47	
14:31:20.046	10	-23	-54.5	-31	17	-15	-8.5	-25	
14:31:20.062	56.5	-46	-26	12	48	-81	40.5	32	
14:31:20.108	3.5	15	-19.5	-61	-47.5	-65	-2	-21	
14:31:20.118	46	-71	2	89	-1	64	12.5	-39	
14:31:20.158	-2.5	-3	-29.5	94	-60.5	-33	-21	59	
14:31:20.168	-41	-81	68.5	9	-59.5	74	40	52	
